entropy: 0.909736122531
error: 0.325000000000
