entropy: 0.962614705998
error: 0.386666666667
