entropy: 0.990589428654
error: 0.442953020134
